UNITS=MM
#Layer_Color=32768
#
#Feature symbol names
#
$0 r49.9999

#
#Feature attribute names
#

#
#Layer features
#
L 1.10891828 24.42057346 1.10891828 30.1396781 0 P 0
L 1.10891828 24.42057346 7.61708916 24.42057346 0 P 0
L 1.10891828 30.1396781 7.61708916 30.1396781 0 P 0
L 1.4279499 10.42671778 1.4279499 21.3267163 0 P 0
L 1.4279499 10.42671778 6.52794986 10.42671778 0 P 0
L 1.4279499 21.3267163 6.52794986 21.3267163 0 P 0
L 6.52794986 10.42671778 6.52794986 21.3267163 0 P 0
L 7.61708916 24.42057346 7.61708916 30.1396781 0 P 0
L 9.35748446 17.5647223 9.35748446 19.36472378 0 P 0
L 9.35748446 17.5647223 12.15748394 17.5647223 0 P 0
L 9.35748446 19.36472378 12.15748394 19.36472378 0 P 0
L 9.71928968 25.03199972 9.71928968 26.7320014 0 P 0
L 9.71928968 25.03199972 12.41928936 25.03199972 0 P 0
L 9.71928968 26.7320014 12.41928936 26.7320014 0 P 0
L 12.15748394 17.3147228 12.15748394 17.5647223 0 P 0
L 12.15748394 17.3147228 16.4574855 17.3147228 0 P 0
L 12.15748394 19.36472378 12.15748394 19.61472328 0 P 0
L 12.15748394 19.61472328 16.4574855 19.61472328 0 P 0
L 12.41928936 24.33200112 12.41928936 25.03199972 0 P 0
L 12.41928936 24.33200112 19.71929 24.33200112 0 P 0
L 12.41928936 26.7320014 12.41928936 27.432 0 P 0
L 12.41928936 27.432 19.71929 27.432 0 P 0
L 16.4574855 17.3147228 16.4574855 17.5647223 0 P 0
L 16.4574855 17.5647223 19.25748498 17.5647223 0 P 0
L 16.4574855 19.36472378 16.4574855 19.61472328 0 P 0
L 16.4574855 19.36472378 19.25748498 19.36472378 0 P 0
L 16.84970976 12.47671622 16.84970976 14.1767179 0 P 0
L 16.84970976 12.47671622 19.54970944 12.47671622 0 P 0
L 16.84970976 14.1767179 19.54970944 14.1767179 0 P 0
L 19.25748498 17.5647223 19.25748498 19.36472378 0 P 0
L 19.54970944 11.77671762 19.54970944 12.47671622 0 P 0
L 19.54970944 11.77671762 26.84971008 11.77671762 0 P 0
L 19.54970944 14.1767179 19.54970944 14.8767165 0 P 0
L 19.54970944 14.8767165 26.84971008 14.8767165 0 P 0
L 19.71929 24.33200112 19.71929 25.03199972 0 P 0
L 19.71929 25.03199972 22.41928968 25.03199972 0 P 0
L 19.71929 26.7320014 19.71929 27.432 0 P 0
L 19.71929 26.7320014 22.41928968 26.7320014 0 P 0
L 22.41928968 25.03199972 22.41928968 26.7320014 0 P 0
L 26.84971008 11.77671762 26.84971008 12.47671622 0 P 0
L 26.84971008 12.47671622 29.54970976 12.47671622 0 P 0
L 26.84971008 14.1767179 26.84971008 14.8767165 0 P 0
L 26.84971008 14.1767179 29.54970976 14.1767179 0 P 0
L 29.54970976 12.47671622 29.54970976 14.1767179 0 P 0
L 33.24827234 14.63934334 33.24827234 22.75934234 0 P 0
L 33.24827234 14.63934334 39.84427134 14.63934334 0 P 0
L 33.24827234 22.75934234 39.84427134 22.75934234 0 P 0
L 39.84427134 14.63934334 39.84427134 22.75934234 0 P 0
